NC_002516.2
2219 2886
3663 3976
6701 6870
9143 9225
17213 17363
27472 28518
40875 44176
45070 45661
46225 48562
49930 50638
51333 51571
51703 53886
54025 54232
54831 55461
57421 57972
58799 59273
60010 60075
64868 64919
65827 66182
68712 69590
71614 71821
81041 81107
88101 89490
91789 92202
94569 94907
100516 100923
104421 104936
109153 109390
111580 111633
112908 113041
114323 114809
116567 116945
118141 118981
120557 120823
122564 124395
126087 127031
129155 130937
131906 132140
132671 132852
135666 135933
136565 136820
138711 139219
145667 145964
153424 153549
154466 155272
156932 157034
167955 168595
169218 170003
170902 171816
177843 178078
183267 183638
186672 186993
187734 187815
192929 193181
202692 203070
205895 206580
209576 210238
213140 213397
214150 214424
217866 217983
220533 220703
230536 237162
242419 243516
245590 245829
246464 246674
248403 248543
253041 254098
257962 258143
259260 259314
260287 260343
261657 263063
267582 267773
269351 269666
270966 271946
274565 274743
281215 281502
284241 285720
286236 286481
289402 289723
293685 293770
294591 297526
298523 298646
299944 300373
306039 306722
308502 308605
309935 310127
312504 313125
319942 320070
323333 324152
324840 325223
326170 326751
333385 334321
341380 341450
343174 343259
353760 354262
359638 359910
365348 365481
370337 371669
372555 372777
373300 373350
375958 376152
376690 377887
379500 379871
383662 384346
390902 391056
392029 392229
400889 401167
403891 405625
406706 406973
413500 414021
415311 415799
430095 430317
431118 431357
433532 433626
434568 435995
439058 439164
441248 441522
444214 444644
445848 446150
448371 448812
454551 454702
455754 455982
461236 462346
469420 470571
472119 473128
473973 474099
476927 478046
482760 483136
484084 484183
489666 490065
499829 501200
506088 507611
510423 511240
512882 513105
515761 516028
519699 520153
521497 521613
522626 522976
528521 528634
529970 530229
532231 532408
535724 536004
538118 539435
540100 540807
543428 544020
544955 545083
545799 546200
553357 553457
556021 556155
556947 557401
558776 559191
559799 560087
562103 562157
563145 563213
566545 566813
569675 569739
570895 571036
571936 572500
574527 575711
579479 579879
580975 581153
581772 581957
584811 585846
587278 587587
589310 589562
599268 599591
603892 603994
609583 609694
611619 611931
617331 617681
618149 619351
624976 625450
626248 626386
627379 627547
628306 628781
629927 630244
630479 631754
632786 633092
634034 634120
636929 637360
647591 648256
650549 650650
651357 651850
657130 657583
658425 658480
666448 667014
668793 669318
671186 671351
672909 672980
677828 677881
678510 679358
682287 682459
684432 684649
685823 685968
688317 689125
703529 704501
713305 714384
715057 715775
718794 719554
721559 722012
723895 727326
728213 728706
730709 731961
733370 733630
736835 737100
742848 743995
745317 745965
747289 747426
748438 748567
749871 752077
757759 757808
758523 758610
760811 761009
762615 763294
764520 764839
766535 766586
775035 775203
776252 777594
781415 782187
782690 783253
784489 784924
785307 789822
789918 797716
799852 799915
814361 814783
821127 821193
826943 827202
828261 828761
829612 830304
831411 831545
836140 836674
837450 837720
839710 840301
841860 842315
845745 846171
847485 848595
858915 859168
861044 861118
868370 868804
884153 884613
885443 885581
888242 888628
889164 889802
891166 891473
893845 894351
894926 895044
895681 897262
898366 898469
901122 901175
901507 903781
904517 904643
915007 915255
917029 917242
917870 919126
921106 921734
931204 931307
937468 938118
942574 942959
943461 943738
944375 946403
951413 951462
952269 952404
958822 959414
962255 963057
965169 965281
966160 966754
968473 969582
984887 985442
987892 987975
989015 989175
991653 991735
992454 993295
995370 995503
996328 997752
1000030 1000610
1004853 1004962
1008970 1009220
1011457 1011522
1012290 1012814
1014376 1014955
1016168 1016558
1017444 1017512
1023676 1024201
1026177 1026259
1029679 1029805
1031610 1031929
1034885 1035197
1041798 1042079
1046172 1046320
1046966 1047041
1050210 1050375
1052576 1052627
1061394 1062263
1063316 1063424
1070881 1072574
1073248 1074271
1088917 1089279
1090491 1090909
1091667 1092220
1097361 1097880
1099224 1099282
1105076 1105136
1107746 1108819
1110693 1110923
1112090 1112313
1116857 1117086
1117699 1118164
1124191 1124242
1125511 1125858
1132392 1133142
1140087 1140368
1154119 1154360
1169327 1169756
1172222 1172276
1172415 1172835
1188921 1189318
1192076 1193292
1194909 1196020
1196563 1196722
1200377 1200510
1205589 1205659
1206634 1207282
1210483 1210779
1215805 1216844
1225624 1226439
1230826 1230997
1235375 1235551
1239824 1239884
1242075 1242138
1242681 1242864
1243395 1244544
1248102 1248322
1250913 1251388
1255515 1255737
1257302 1257362
1264243 1264301
1265717 1266062
1267512 1267675
1268270 1268639
1280836 1281270
1281836 1282404
1285991 1286064
1290035 1290679
1291451 1291541
1293909 1294124
1294790 1294881
1297235 1297286
1302448 1302541
1304508 1304730
1306118 1306445
1309776 1310018
1323273 1323406
1328287 1328579
1333707 1333936
1335105 1335360
1344299 1344490
1345587 1346334
1347399 1347734
1351553 1351618
1352392 1352470
1355900 1356200
1357160 1357212
1359565 1359787
1362495 1362743
1367772 1368327
1369212 1369661
1372516 1372875
1373702 1374106
1378117 1379422
1380533 1380635
1382638 1382929
1384102 1385458
1389312 1389410
1392020 1392441
1394077 1394709
1413474 1414308
1417187 1417241
1436878 1437769
1445350 1445429
1453781 1453857
1466717 1466798
1468298 1468370
1472804 1473115
1478282 1480764
1481163 1482737
1483291 1484215
1485604 1486046
1487135 1487343
1488006 1488110
1488708 1489622
1490655 1490823
1493531 1495339
1498843 1500355
1501135 1501263
1501997 1502293
1505684 1506919
1512758 1512892
1516261 1516310
1519353 1519708
1520217 1520483
1524334 1524592
1525349 1525876
1526728 1527851
1536507 1537712
1539758 1539866
1540878 1541227
1542171 1542264
1544446 1544724
1545625 1546267
1547687 1548028
1549005 1549673
1550227 1550341
1554030 1554172
1554791 1556127
1561410 1562111
1563919 1563994
1565184 1565535
1574307 1574506
1574876 1576079
1576598 1577477
1578491 1579119
1582414 1582584
1587316 1587489
1588681 1588837
1591004 1591625
1595779 1595833
1597342 1597466
1607593 1608075
1615927 1616342
1616969 1617200
1619503 1619908
1621811 1622501
1623157 1623311
1625684 1626048
1628101 1628160
1632421 1633389
1636078 1636313
1638760 1639380
1640415 1644927
1645664 1646079
1649460 1649868
1652387 1652752
1662948 1663149
1666954 1667236
1667785 1667913
1671118 1671719
1675190 1675244
1676960 1677230
1679661 1679789
1680423 1680487
1682960 1683038
1690508 1690609
1691480 1692276
1694040 1694091
1698711 1699060
1699825 1700485
1707720 1707821
1708367 1708433
1713214 1714202
1718106 1718213
1736731 1736951
1737968 1738018
1740240 1740907
1757945 1758484
1761272 1761324
1771818 1771872
1773074 1773445
1777661 1778260
1779245 1779306
1787239 1787504
1789039 1789802
1792262 1792468
1794282 1794393
1801521 1801777
1805326 1805433
1810390 1810922
1813469 1813754
1815206 1815560
1819560 1819658
1824777 1826063
1835032 1835091
1835696 1836933
1840401 1841218
1842425 1842485
1843100 1844072
1845685 1845796
1847154 1847358
1854093 1854453
1855595 1855685
1856639 1857441
1859849 1859994
1863610 1864174
1870842 1871088
1872025 1873253
1877560 1877722
1879782 1880023
1881275 1881671
1882400 1882476
1883342 1883401
1896778 1897119
1897857 1898186
1901185 1901429
1902381 1902623
1903932 1904383
1909353 1909697
1910432 1910866
1911780 1912295
1914549 1915302
1916616 1916790
1918138 1918415
1919692 1920040
1924664 1925375
1930478 1931002
1933179 1933309
1935251 1935932
1939221 1939388
1940149 1940211
1945463 1945896
1947442 1947549
1951250 1951714
1953207 1953654
1963247 1963528
1969187 1969552
1970343 1970739
1973416 1974132
1982459 1982568
1983382 1983715
1991664 1991784
1993217 1993605
1994269 1994903
2000099 2000227
2003306 2003605
2012697 2013438
2016825 2017006
2023225 2023289
2023960 2024956
2025477 2025531
2027617 2027728
2032110 2032546
2033324 2033666
2037798 2039104
2039814 2040148
2040868 2041403
2045369 2045437
2047183 2047284
2048009 2048568
2050981 2051032
2052286 2052809
2060264 2060465
2063346 2063709
2064387 2065093
2070792 2073945
2074460 2077057
2077892 2078119
2079155 2079412
2084886 2085657
2086389 2086675
2088510 2089046
2091664 2091876
2098102 2098180
2106021 2106560
2107082 2107197
2108340 2108550
2115752 2116380
2116708 2118519
2119447 2122520
2123080 2123519
2130149 2130227
2136139 2136224
2142602 2142800
2144616 2144735
2148943 2149627
2150826 2151175
2152655 2152706
2154694 2154760
2156322 2156388
2157359 2158032
2165246 2165363
2170240 2170876
2171385 2171507
2189403 2190311
2192668 2192793
2199390 2199442
2201294 2202050
2217935 2218143
2228305 2228548
2230900 2231032
2233325 2233595
2236128 2236462
2241900 2242238
2252893 2253405
2256925 2257005
2257623 2257712
2263448 2263821
2265438 2265543
2270953 2271081
2272975 2273590
2276476 2276809
2291256 2291667
2292873 2292957
2300174 2300266
2301257 2301309
2305610 2305738
2309505 2310002
2319534 2319591
2320909 2320998
2329351 2329506
2342054 2342176
2350502 2351024
2355077 2355419
2357393 2357607
2363906 2363968
2367173 2367317
2371826 2371931
2373458 2373597
2376423 2376563
2383221 2383936
2388492 2388788
2396419 2397150
2399089 2399727
2403914 2404144
2404998 2405132
2406044 2406259
2406797 2407396
2408796 2409044
2414852 2414906
2419664 2420322
2429217 2429760
2432956 2433090
2433759 2433916
2438985 2443094
2443950 2446218
2453825 2453909
2468974 2470012
2470773 2470893
2471566 2472058
2475710 2475768
2485118 2486331
2505673 2505752
2506812 2507259
2511833 2512081
2512911 2512960
2518534 2518690
2519247 2519596
2521336 2522568
2526716 2527376
2528224 2528379
2530914 2531478
2534518 2534729
2535338 2535540
2536384 2536643
2538714 2538905
2543331 2543487
2548522 2548848
2549539 2549660
2554456 2554586
2556640 2558887
2566508 2566998
2568462 2568954
2569719 2570105
2573204 2573294
2578976 2579051
2581162 2581222
2582207 2582283
2593757 2594049
2599554 2599930
2602634 2603066
2605729 2605805
2611457 2611607
2621571 2621924
2624786 2625176
2638945 2639148
2643196 2643407
2645207 2645482
2651795 2652123
2652716 2653022
2656993 2657114
2658803 2660660
2661988 2664605
2665383 2667057
2670957 2671074
2671936 2672656
2673375 2673610
2674412 2674620
2675467 2675641
2676387 2678470
2679044 2679571
2684187 2685770
2687281 2687370
2688393 2688827
2696687 2696904
2700065 2700740
2702847 2702997
2705336 2705586
2706433 2706609
2707185 2707665
2707903 2708198
2713663 2713864
2716992 2718461
2723606 2724547
2725921 2726059
2727890 2728454
2740284 2740346
2742171 2743543
2744528 2745264
2748025 2748902
2749586 2750962
2753963 2754527
2756213 2756509
2757585 2757671
2758101 2759149
2759454 2761474
2761565 2762514
2766331 2771014
2776219 2778032
2781594 2781844
2782956 2783022
2785871 2785925
2789823 2790340
2797797 2798202
2799721 2799775
2800611 2800669
2801874 2802018
2802674 2803128
2808233 2808482
2809911 2810159
2818345 2818575
2820171 2820375
2824191 2824857
2828087 2828136
2828932 2829006
2832265 2832364
2833707 2833839
2835899 2836505
2850374 2850500
2861150 2861327
2863549 2863697
2870891 2871669
2877204 2877726
2886433 2886618
2887123 2887177
2888452 2889027
2891436 2891983
2892855 2892985
2896375 2896604
2899647 2900023
2908037 2908098
2909551 2909896
2919080 2919274
2919828 2919956
2921321 2921693
2922490 2922627
2923239 2923325
2926629 2927016
2928159 2928355
2932080 2932931
2935874 2935924
2946888 2946940
2949461 2949533
2950087 2950278
2956291 2956582
2957471 2957936
2958506 2958875
2960283 2960332
2961010 2961347
2962888 2963159
2968099 2968150
2971215 2971497
2975765 2975845
2979063 2979495
2997333 2997929
2998928 2999087
3010492 3010690
3020828 3020980
3026971 3028194
3028718 3028888
3036175 3036499
3043475 3044846
3045767 3046253
3048771 3049495
3052822 3052964
3061630 3061844
3067166 3067687
3069867 3070284
3073236 3073809
3075315 3075427
3076723 3077233
3082260 3082433
3083122 3083552
3087637 3087872
3088131 3099302
3099990 3100046
3102637 3103399
3105206 3105970
3110249 3110609
3113498 3114061
3115064 3115118
3119944 3120459
3121221 3121322
3122345 3122569
3126451 3126534
3127572 3127689
3135802 3136822
3139833 3140105
3141541 3141877
3143328 3143980
3147355 3147680
3149143 3149399
3152551 3153108
3161683 3162112
3164685 3164955
3167561 3167978
3171532 3174030
3181895 3182591
3188619 3188932
3190947 3191064
3191746 3192441
3194566 3194843
3196127 3196503
3198425 3198799
3205164 3205245
3207929 3208073
3210529 3210662
3219380 3219439
3227581 3227729
3231496 3231616
3236957 3237144
3239149 3239347
3254439 3254609
3256087 3256486
3259489 3259627
3267590 3267773
3269669 3269750
3274064 3274306
3274945 3275015
3277347 3278003
3281291 3281364
3285960 3286439
3288294 3288411
3289654 3289708
3291780 3292384
3293952 3294106
3295313 3295379
3295951 3296026
3303156 3303522
3307166 3307495
3314494 3314688
3316679 3317190
3323538 3323754
3328734 3329178
3336122 3336293
3338064 3338214
3344342 3344470
3346431 3346623
3352154 3352974
3354011 3354068
3363823 3364123
3364892 3364955
3366928 3367249
3387240 3387564
3390569 3391171
3393575 3393938
3396237 3396306
3405692 3405770
3411544 3411774
3414700 3414752
3419574 3420082
3421143 3421824
3437271 3437337
3437916 3438254
3439068 3439349
3440086 3440214
3441072 3443623
3444999 3445526
3447541 3448124
3450479 3451407
3452618 3453826
3456311 3456737
3460419 3460705
3466700 3467042
3468726 3468828
3471811 3471865
3475646 3476276
3477325 3477770
3485172 3485401
3485979 3486435
3489159 3489489
3498750 3498800
3501130 3501714
3502987 3503823
3507962 3508088
3508607 3508676
3510725 3510977
3511730 3511857
3513927 3515215
3517572 3517760
3521499 3522471
3522574 3523434
3524095 3524168
3524700 3526250
3526341 3547685
3548116 3548175
3548932 3548989
3551445 3552235
3552945 3558555
3560398 3562089
3563532 3563745
3564321 3565803
3566376 3567352
3572428 3572582
3573191 3573410
3575857 3576875
3580119 3580276
3583059 3583493
3594909 3594973
3599820 3600231
3603604 3603986
3606394 3606592
3615520 3615761
3616967 3617472
3618501 3618852
3638528 3639109
3640543 3640597
3643920 3644554
3648265 3648502
3650628 3650920
3651566 3653038
3658359 3658423
3659301 3659506
3662802 3663390
3665171 3665750
3668757 3668960
3670451 3670503
3675801 3676410
3681797 3682106
3683533 3683645
3685006 3685863
3686797 3687416
3689468 3690678
3692437 3692536
3695041 3695182
3698936 3698988
3700771 3700931
3703328 3703425
3710000 3710131
3711753 3712173
3714623 3714914
3718054 3718187
3727000 3727258
3730649 3730747
3738661 3739254
3741233 3741873
3745296 3745848
3756785 3756858
3758978 3759547
3762878 3763634
3768245 3768911
3769830 3770204
3778173 3778383
3781183 3781236
3786198 3786944
3791946 3792124
3792682 3792863
3795793 3795994
3804360 3804817
3806816 3806995
3808278 3808744
3810802 3812097
3826423 3826534
3830116 3830365
3832070 3832200
3832918 3833401
3841066 3842006
3843369 3843565
3845586 3845684
3847593 3847994
3850385 3850513
3853105 3853584
3856480 3856598
3874187 3874646
3874837 3874918
3877101 3877833
3887533 3887707
3889586 3889792
3893790 3893870
3895962 3896149
3897433 3898067
3898738 3899726
3899935 3907187
3909020 3909758
3910567 3910695
3912122 3912739
3913709 3930740
3932748 3933072
3933697 3934199
3937328 3937793
3939806 3940197
3940742 3941801
3942607 3942833
3953119 3953178
3953972 3954036
3954848 3954981
3958603 3958913
3969035 3969132
3977546 3978127
3984822 3984878
3987038 3987665
3996688 3996980
4000217 4000606
4002969 4003493
4004812 4005096
4005965 4006041
4009027 4009740
4012242 4012989
4015844 4016346
4020321 4020489
4027539 4029405
4029947 4030437
4030945 4031568
4037401 4037545
4041327 4041381
4048821 4049166
4050586 4050752
4053430 4053547
4054279 4054590
4055364 4056241
4057369 4057776
4062735 4063399
4077827 4078777
4081123 4081966
4085718 4086005
4097125 4097644
4100000 4100058
4102194 4102655
4108185 4108357
4109557 4110084
4117508 4117707
4118555 4119579
4121557 4121919
4126347 4126475
4140163 4140520
4147508 4147689
4149159 4149542
4152752 4152905
4165797 4165936
4175396 4176149
4186427 4187322
4188468 4188892
4191291 4191369
4205151 4205368
4211683 4211977
4214996 4215536
4220092 4220714
4224197 4225046
4230070 4230586
4232524 4232852
4241975 4242187
4243296 4243485
4244488 4244816
4245586 4245867
4248652 4249238
4254650 4255138
4256361 4256579
4257476 4257780
4258551 4259088
4268692 4268786
4271787 4272327
4273241 4273290
4274840 4275462
4282797 4283689
4285383 4286497
4287860 4288136
4294581 4295241
4295864 4296893
4297948 4298482
4305110 4305219
4306134 4306921
4310095 4310216
4310723 4311206
4315421 4315490
4318892 4319090
4321365 4321664
4326713 4327445
4328915 4329000
4329538 4330776
4338013 4338124
4340602 4340892
4347209 4347527
4348344 4348493
4349476 4350751
4351443 4352356
4355340 4355394
4358169 4358416
4360616 4360718
4366452 4366930
4369061 4369945
4376874 4377260
4377662 4379021
4381465 4381777
4386701 4386851
4388224 4388305
4389686 4389751
4393464 4393975
4394990 4395063
4399577 4399648
4403467 4403639
4404260 4404718
4405874 4406048
4407921 4408087
4411401 4411530
4412618 4412808
4415370 4415594
4416186 4416592
4419925 4420808
4424661 4424715
4429031 4429229
4430519 4430962
4432188 4432421
4441610 4441738
4443431 4443728
4446544 4446905
4458135 4458300
4463109 4463670
4464308 4465050
4469037 4469434
4473099 4473297
4473543 4474914
4483825 4484060
4484668 4484974
4485478 4485568
4487123 4487251
4489828 4490106
4492816 4492908
4493904 4494039
4499370 4499484
4500612 4500679
4502202 4503786
4513435 4513573
4517427 4517542
4520056 4520211
4528647 4528760
4530074 4530367
4540840 4541694
4545725 4545862
4550443 4550560
4553224 4553526
4556148 4556250
4559345 4559952
4561744 4562153
4563575 4563704
4564460 4564517
4565892 4566474
4570350 4570457
4586564 4586905
4594243 4595081
4595699 4595967
4597223 4597622
4601310 4601941
4605097 4605402
4606873 4607205
4608466 4609204
4610147 4610225
4611078 4611153
4615546 4615783
4619817 4619881
4620392 4621011
4621960 4622011
4623559 4623852
4628997 4629546
4633184 4633491
4643344 4644375
4649646 4649768
4651378 4651659
4654349 4655085
4657920 4658371
4659829 4659958
4662345 4662449
4668152 4668701
4670616 4671204
4672743 4672997
4673627 4673683
4674198 4674423
4677686 4677993
4678574 4678790
4693617 4694156
4695138 4695367
4711733 4711917
4713903 4714145
4714697 4716188
4716878 4717679
4718348 4720233
4720794 4721021
4727701 4728012
4729073 4729192
4731289 4731396
4732128 4732232
4732818 4733006
4735125 4736028
4750747 4751270
4766105 4766418
4767846 4768975
4770583 4770955
4773221 4773632
4779863 4780201
4780926 4781436
4784361 4785097
4786072 4786573
4787621 4787969
4788515 4794932
4796923 4797096
4806180 4807421
4809309 4809995
4810786 4810864
4814340 4814876
4819849 4820200
4822242 4822477
4823806 4824187
4830192 4830484
4832286 4832875
4836385 4837103
4838394 4839252
4841960 4842440
4844446 4844634
4846976 4847093
4851408 4851508
4852382 4853498
4855269 4855327
4855882 4856065
4857681 4858327
4859214 4859569
4860607 4860686
4881280 4881815
4882347 4882622
4885203 4885423
4886713 4887124
4897089 4898840
4899652 4900615
4903280 4903966
4904608 4905918
4907481 4907814
4909339 4909413
4914033 4914405
4916672 4916990
4918686 4918820
4921130 4921319
4921909 4922345
4924463 4924610
4926690 4927642
4930769 4931009
4932929 4933444
4937221 4937574
4939837 4940110
4943538 4943825
4946542 4947097
4950021 4950639
4952034 4953243
4958939 4959055
4961094 4961707
4963292 4963778
4970158 4970645
4971531 4971844
4974230 4974931
4980748 4981016
4982953 4983064
4997097 4997156
5003238 5004114
5007765 5008127
5031875 5031973
5038729 5039894
5049492 5050209
5050783 5051098
5053497 5054027
5054623 5055041
5056020 5056531
5064114 5064582
5065293 5065644
5066319 5066451
5067251 5067364
5069009 5069469
5071045 5072778
5073492 5073911
5075568 5075851
5083795 5084140
5087978 5088135
5088678 5088938
5096124 5099467
5100481 5100533
5100865 5102037
5103175 5103895
5108328 5108982
5110220 5111391
5125659 5125709
5128547 5128601
5129466 5129709
5131575 5132240
5133924 5134311
5135834 5136596
5141283 5141924
5143362 5143958
5145725 5147225
5151693 5152401
5155059 5155544
5156179 5156255
5161958 5162167
5171915 5172040
5172896 5173164
5173762 5173964
5176092 5176220
5176869 5176977
5178726 5178848
5179384 5179566
5181567 5181958
5184533 5184596
5185752 5186099
5187339 5189583
5202910 5203183
5205701 5205836
5209608 5210254
5210868 5212831
5216332 5216568
5219308 5219440
5220216 5220880
5223560 5224586
5226113 5226581
5230893 5231437
5233722 5234203
5235140 5235398
5241305 5242452
5242961 5243253
5251961 5252105
5255520 5255640
5259125 5259257
5260390 5261168
5262072 5264363
5265651 5269935
5278572 5279035
5284581 5285336
5286723 5286937
5287589 5288059
5293666 5293734
5298586 5299075
5302974 5303375
5305952 5306766
5310600 5310735
5312448 5313394
5314456 5314617
5316055 5316394
5320416 5320909
5323211 5323548
5324991 5325100
5328810 5328957
5333436 5333666
5338227 5338344
5338914 5339257
5341083 5342009
5346843 5347008
5354821 5355358
5356211 5356270
5361340 5361495
5366644 5367731
5369272 5369430
5382433 5383891
5387156 5387762
5388254 5388344
5389509 5389773
5391009 5391273
5396173 5396566
5399417 5399546
5413700 5415237
5417902 5418116
5421741 5422330
5423194 5423911
5426095 5426620
5428025 5428775
5430325 5430500
5434105 5434242
5434766 5435277
5436297 5437056
5443387 5443712
5445318 5445410
5452947 5453140
5454534 5454768
5455023 5455271
5455910 5457827
5460289 5460346
5462656 5463081
5465012 5465564
5466246 5466634
5468455 5468589
5469986 5470539
5471576 5471667
5474822 5474871
5475429 5475560
5477574 5477896
5481371 5481454
5482437 5482491
5486748 5487021
5488372 5488552
5489860 5490185
5492807 5492999
5495210 5495370
5498127 5498234
5498986 5499602
5504430 5505173
5510724 5511028
5511934 5512255
5521503 5522006
5523031 5523861
5547248 5547299
5548154 5548553
5549234 5549612
5552062 5552140
5556479 5556555
5557753 5557895
5570675 5571224
5573167 5573296
5574846 5575259
5578695 5579280
5584324 5584477
5585310 5585483
5586871 5586989
5592145 5592236
5593608 5593946
5595767 5595837
5598077 5598446
5599433 5599761
5600325 5600979
5604846 5605036
5613477 5613946
5614573 5614875
5615865 5616489
5618939 5619578
5621458 5621567
5631600 5632127
5649133 5649710
5657150 5657509
5660503 5661058
5662356 5662949
5667403 5667497
5671092 5671272
5672719 5672774
5677604 5677771
5682154 5682317
5685175 5685241
5688385 5688503
5689262 5689567
5694761 5695066
5697989 5698038
5699648 5699786
5701105 5701168
5706832 5707132
5710637 5710925
5714208 5715030
5715922 5716352
5718921 5718982
5724977 5725323
5725614 5725671
5726007 5726321
5727080 5727408
5729698 5731143
5732942 5733242
5733850 5734189
5735697 5735940
5744690 5744855
5745913 5747155
5748532 5748601
5760612 5760720
5761590 5761677
5765584 5766013
5770163 5772122
5773044 5773161
5774042 5774606
5774973 5775117
5778225 5778709
5779887 5780390
5784700 5785220
5786865 5787147
5794261 5794659
5798712 5799083
5801590 5802274
5803964 5805820
5807178 5807676
5809872 5810001
5810094 5810469
5813948 5814728
5815858 5816012
5820584 5820809
5822263 5822508
5825071 5825328
5825863 5826163
5828539 5828994
5835619 5835935
5838941 5840706
5843784 5844394
5846597 5846675
5849300 5849565
5858308 5858759
5859993 5860146
5864157 5864467
5872171 5872294
5872948 5873221
5887252 5887403
5888662 5889200
5894117 5894542
5896988 5897383
5899771 5900519
5901064 5901642
5902168 5903010
5904369 5904800
5905607 5905819
5907544 5908108
5911318 5911505
5915434 5915523
5917018 5917176
5918712 5918834
5921968 5922091
5925310 5925733
5931001 5931913
5932962 5933838
5936264 5936717
5938151 5938301
5939682 5939743
5940698 5941247
5942846 5943086
5946508 5947157
5947722 5947933
5949361 5949585
5952090 5952182
5954003 5954200
5955289 5956139
5960601 5960940
5961740 5961800
5963426 5964266
5964990 5965180
5967300 5967389
5973671 5974040
5975344 5975842
5980593 5980850
5982601 5982996
5985160 5985779
5991281 5991507
5992195 5992799
5994834 5994902
5995901 5996055
5997987 5998519
6000484 6000637
6007955 6008949
6010720 6011197
6014001 6014509
6017783 6018230
6020287 6020614
6023442 6023868
6024582 6025023
6026657 6027357
6029129 6029252
6030861 6030984
6033271 6033527
6039514 6041596
6042914 6045214
6047901 6048093
6051937 6052542
6056783 6057515
6058018 6058533
6059152 6059819
6064843 6064971
6065951 6066364
6072578 6072771
6084149 6084357
6092255 6092382
6094770 6095067
6097268 6097893
6105190 6105422
6107872 6108151
6110552 6111057
6113610 6114091
6115689 6116088
6130687 6131036
6142883 6143399
6144142 6144241
6146583 6146637
6147882 6148771
6153638 6153806
6158496 6159252
6160018 6160167
6165774 6165923
6166765 6167528
6169810 6170163
6171687 6171839
6177485 6178336
6187805 6188163
6189346 6189649
6196399 6196936
6197822 6197928
6200234 6200697
6201846 6203853
6209557 6209807
6212945 6213020
6217740 6217918
6218502 6218693
6224505 6224894
6226388 6226599
6227404 6227789
6229350 6229832
6230855 6232593
6234950 6235115
6236585 6236935
6241103 6241407
6241988 6242753
6244821 6245003
6245740 6245857
6246692 6246810
6248401 6248917
6251172 6251871
6253887 6253974
6254534 6255041
6260232 6260900
6262055 6262626
